0 (32.760000, 14.280000), (63.280000, 52.640000), (109.200000, 136.640000), (122.080000, 123.480000), (89.600000, 49.000000), (57.960000, 14.000000), (40.320000, 0.840000), (21.000000, 0.840000), (31.640000, 12.880000)
0 (62.160000, 15.120000), (122.920000, 39.480000), (124.880000, 26.600000), (64.680000, 5.600000)
0 (142.520000, 0.560000), (144.480000, 35.280000), (156.520000, 40.880000), (155.120000, 0.840000)
0 (172.200000, 0.560000), (170.240000, 43.960000), (184.800000, 49.560000), (184.240000, 0.840000)
0 (112.840000, 145.880000), (61.880000, 175.560000), (71.120000, 185.640000), (119.840000, 152.600000)
0 (0.840000, 214.480000), (28.000000, 192.920000), (25.200000, 187.040000), (1.400000, 204.120000)
1 (220.360000, 52.920000), (179.200000, 96.040000), (183.120000, 111.440000), (223.440000, 66.920000)
1 (119.280000, 152.600000), (81.480000, 180.600000), (90.720000, 189.560000), (127.680000, 160.440000), (120.680000, 152.320000)
1 (219.800000, 102.200000), (183.960000, 132.160000), (200.480000, 172.480000), (217.840000, 177.520000), (222.880000, 175.000000)
1 (143.920000, 40.600000), (158.480000, 107.240000), (150.640000, 167.720000), (150.920000, 223.720000), (172.480000, 222.880000), (174.440000, 127.400000), (176.400000, 90.720000), (168.560000, 43.400000)
1 (64.400000, 192.920000), (26.880000, 219.800000), (34.440000, 221.480000), (50.680000, 221.760000), (79.520000, 198.240000)
1 (1.400000, 122.080000), (70.560000, 164.920000), (80.360000, 152.600000), (2.240000, 108.640000)
1 (145.600000, 188.720000), (120.400000, 218.400000), (128.800000, 222.880000), (149.240000, 197.680000), (149.240000, 187.320000)